,Time_Lag,1deg_R2,1deg_adjR2,2deg_R2,2deg_adjR2,3deg_R2,3deg_adjR2,LR12,LR23
0,0.0,0.580237903229,0.575910458932,0.587142235618,0.578541032193,0.636636590997,0.625161957029,"(3.8758847757457033, 0.048984484798905506, 1.0)","(9.5299261328867715, 0.002021482561199839, 1.0)"
1,1.0,0.654405505743,0.650842675906,0.66240993426,0.655376807891,0.70656242372,0.697295973943,"(3.8758847757457033, 0.048984484798905506, 1.0)","(9.5299261328867715, 0.002021482561199839, 1.0)"
2,2.0,0.71038724473,0.707401546222,0.724972573625,0.719242835575,0.761105782075,0.75356175414,"(3.8758847757457033, 0.048984484798905506, 1.0)","(9.5299261328867715, 0.002021482561199839, 1.0)"
3,3.0,0.738431717784,0.735735137555,0.772616326777,0.767879166918,0.799411240105,0.793076858214,"(3.8758847757457033, 0.048984484798905506, 1.0)","(9.5299261328867715, 0.002021482561199839, 1.0)"
4,4.0,0.78314602246,0.780910414444,0.850852400343,0.847745158683,0.866492161604,0.862276124602,"(3.8758847757457033, 0.048984484798905506, 1.0)","(9.5299261328867715, 0.002021482561199839, 1.0)"
5,5.0,0.801815125146,0.799771982107,0.898249690643,0.896129892531,0.905888725276,0.902916790285,"(3.8758847757457033, 0.048984484798905506, 1.0)","(9.5299261328867715, 0.002021482561199839, 1.0)"
6,6.0,0.817573982591,0.815693302,0.943889104747,0.942720127763,0.946698664918,0.945015464863,"(3.8758847757457033, 0.048984484798905506, 1.0)","(9.5299261328867715, 0.002021482561199839, 1.0)"
7,7.0,0.832679516089,0.830954562646,0.950406443448,0.949373244353,0.953383631901,0.951911536066,"(3.8758847757457033, 0.048984484798905506, 1.0)","(9.5299261328867715, 0.002021482561199839, 1.0)"
8,8.0,0.842032976071,0.840404450051,0.932724310831,0.931322733974,0.936038726934,0.934018897259,"(3.8758847757457033, 0.048984484798905506, 1.0)","(9.5299261328867715, 0.002021482561199839, 1.0)"
9,9.0,0.87461597283,0.873323353993,0.946638309055,0.94552660716,0.94766803664,0.946015448323,"(3.8758847757457033, 0.048984484798905506, 1.0)","(9.5299261328867715, 0.002021482561199839, 1.0)"
10,10.0,0.898224694636,0.897175464684,0.948980638887,0.94791773553,0.949439674779,0.94784303293,"(3.8758847757457033, 0.048984484798905506, 1.0)","(9.5299261328867715, 0.002021482561199839, 1.0)"
11,11.0,0.904342535134,0.903356375703,0.936192881152,0.934863566176,0.936234139172,0.934220480409,"(3.8758847757457033, 0.048984484798905506, 1.0)","(9.5299261328867715, 0.002021482561199839, 1.0)"
12,12.0,0.906779173651,0.905818134204,0.933871213167,0.932493530108,0.933878629298,0.931790586013,"(3.8758847757457033, 0.048984484798905506, 1.0)","(9.5299261328867715, 0.002021482561199839, 1.0)"
13,13.0,0.916540455976,0.915680048306,0.936970945351,0.935657840046,0.937138550975,0.935153452584,"(3.8758847757457033, 0.048984484798905506, 1.0)","(9.5299261328867715, 0.002021482561199839, 1.0)"
14,14.0,0.913544981226,0.912653692372,0.928366653057,0.926874291662,0.930916003905,0.928734404028,"(3.8758847757457033, 0.048984484798905506, 1.0)","(9.5299261328867715, 0.002021482561199839, 1.0)"
15,15.0,0.865269609566,0.863880636469,0.897672952449,0.895541138959,0.909248478643,0.906382641127,"(3.8758847757457033, 0.048984484798905506, 1.0)","(9.5299261328867715, 0.002021482561199839, 1.0)"
16,16.0,0.797585137968,0.795498386813,0.869626522964,0.866910408859,0.890740168442,0.887289857971,"(3.8758847757457033, 0.048984484798905506, 1.0)","(9.5299261328867715, 0.002021482561199839, 1.0)"
17,17.0,0.626268184782,0.62241527947,0.764207115198,0.759294763431,0.795619373158,0.7891652481,"(3.8758847757457033, 0.048984484798905506, 1.0)","(9.5299261328867715, 0.002021482561199839, 1.0)"
18,18.0,0.424564062274,0.418631733019,0.629638644803,0.621922783237,0.665515936999,0.654953282378,"(3.8758847757457033, 0.048984484798905506, 1.0)","(9.5299261328867715, 0.002021482561199839, 1.0)"
19,19.0,0.336754163991,0.329916578052,0.522725083868,0.512781856449,0.577656247704,0.564319076579,"(3.8758847757457033, 0.048984484798905506, 1.0)","(9.5299261328867715, 0.002021482561199839, 1.0)"
20,20.0,0.274168916796,0.266686122124,0.405510660806,0.393125466239,0.465141101339,0.448250820329,"(3.8758847757457033, 0.048984484798905506, 1.0)","(9.5299261328867715, 0.002021482561199839, 1.0)"
21,21.0,0.263254142208,0.255658824086,0.366611551413,0.353415958734,0.417138652929,0.398732505126,"(3.8758847757457033, 0.048984484798905506, 1.0)","(9.5299261328867715, 0.002021482561199839, 1.0)"
22,22.0,0.382900847371,0.376539000436,0.436893390886,0.425162003196,0.490715209696,0.474632532108,"(3.8758847757457033, 0.048984484798905506, 1.0)","(9.5299261328867715, 0.002021482561199839, 1.0)"
23,23.0,0.506060351483,0.500968190158,0.525288641793,0.515398821831,0.571735550303,0.558211409786,"(3.8758847757457033, 0.048984484798905506, 1.0)","(9.5299261328867715, 0.002021482561199839, 1.0)"
24,24.0,0.583893485247,0.579603727363,0.599869429019,0.591533375456,0.636590956604,0.62511488155,"(3.8758847757457033, 0.048984484798905506, 1.0)","(9.5299261328867715, 0.002021482561199839, 1.0)"
