,Time_Lag,1deg_R2,1deg_adjR2,2deg_R2,2deg_adjR2,3deg_R2,3deg_adjR2,LR12,LR13
0,0.0,0.405341883261,0.399211387212,0.409352035165,0.397046869231,0.47736209822,0.460857743427,"(0.66988022645421097, 0.41309336865381607, 1.0)","(12.78067931108626, 0.0016776862691634529, 2.0)"
1,1.0,0.51409460618,0.509085272223,0.522031546809,0.512073870701,0.57029572136,0.556726112561,"(1.6304517130927252, 0.2016405816727187, 1.0)","(12.168752708577699, 0.0022781846614085754, 2.0)"
2,2.0,0.581713313266,0.577401079382,0.594759283231,0.586316768298,0.632835299382,0.621240624625,"(3.136893995046421, 0.07653943744807444, 1.0)","(12.905296267518452, 0.0015763422715300984, 2.0)"
3,3.0,0.630036538232,0.626222481926,0.654679225744,0.647485042947,0.694131852581,0.684472858452,"(6.8241178445173318, 0.008993496636435748, 1.0)","(18.834762917434432, 8.12986246345985e-05, 2.0)"
4,4.0,0.71410407907,0.711156698442,0.780534329685,0.77596212822,0.799562836172,0.793233241525,"(26.178769083853467, 3.1122555968421749e-07, 1.0)","(35.157576118009047, 2.3207552812206018e-08, 2.0)"
5,5.0,0.744183065206,0.741545777219,0.85585887332,0.852855933181,0.861937767813,0.85757790785,"(56.793253193662849, 4.8412450828385695e-14, 1.0)","(61.058997334340233, 5.510705388963175e-14, 2.0)"
6,6.0,0.777896306244,0.775606577442,0.921829728233,0.920201180904,0.923288094812,0.920865613595,"(103.38123935395799, 2.764804632895308e-24, 1.0)","(105.24565734284181, 1.4002187402358473e-23, 2.0)"
7,7.0,0.816246786184,0.814352423155,0.941341641461,0.940119592325,0.946522166501,0.944833392812,"(113.04449120930985, 2.1098698155587545e-26, 1.0)","(122.19831233071784, 2.9172498651537156e-27, 2.0)"
8,8.0,0.816856178772,0.814968098141,0.901955158405,0.899912557538,0.912362311875,0.909594805935,"(61.85983430964643, 3.6879591861353233e-15, 1.0)","(72.969001119907034, 1.4288371447265456e-16, 2.0)"
9,9.0,0.864242603372,0.862843042582,0.930137450047,0.928681980256,0.93545015052,0.93341173422,"(65.769630780022794, 5.0683220582962952e-16, 1.0)","(73.599734241253373, 1.0423672904698119e-16, 2.0)"
10,10.0,0.898887744461,0.897845350074,0.940354273056,0.939111653744,0.944210818383,0.942449054753,"(52.253074181617649, 4.8789501043973848e-13, 1.0)","(58.870485419448642, 1.6460253435639341e-13, 2.0)"
11,11.0,0.901654723717,0.90064085489,0.92643539102,0.924902794999,0.927858893474,0.925580753268,"(28.741725557461791, 8.2702515959859625e-08, 1.0)","(30.676189506583, 2.181474223734352e-07, 2.0)"
12,12.0,0.902155998563,0.901147297518,0.922870117778,0.921263245232,0.923176302616,0.92075029112,"(23.550476930703553, 1.2167926131796209e-06, 1.0)","(23.944262369808371, 6.3178526070767664e-06, 2.0)"
13,13.0,0.910038523662,0.909111085761,0.925134990008,0.9235753023,0.925858430843,0.923517118132,"(18.185796382908165, 2.0036758356358192e-05, 1.0)","(19.14711239659573, 6.9543632383713193e-05, 2.0)"
14,14.0,0.899879717756,0.898847549897,0.911142507872,0.909291310119,0.915689100523,0.913026651066,"(11.814502712940453, 0.00058771127461139556, 1.0)","(17.014252370198164, 0.00020202356981870843, 2.0)"
15,15.0,0.828822466948,0.827057750113,0.854872075916,0.851848577498,0.874895364697,0.870944692003,"(16.343477803766518, 5.2837688632957653e-05, 1.0)","(31.041524582210627, 1.8172663380057744e-07, 2.0)"
16,16.0,0.727963028159,0.725158523295,0.806372917635,0.802339020086,0.843849168162,0.838918089262,"(33.660389034318769, 6.5623458019193887e-09, 1.0)","(54.956441633582472, 1.1650922857744162e-12, 2.0)"
17,17.0,0.495169368005,0.4899649285,0.657557369219,0.650423147745,0.718173282334,0.70927349125,"(38.423766004702316, 5.6934803909066129e-10, 1.0)","(57.710127927410099, 2.940390057641554e-13, 2.0)"
18,18.0,0.236623870091,0.228754013082,0.47989152563,0.469055932414,0.551819146354,0.537666066765,"(37.987634254011141, 7.1194433723091345e-10, 1.0)","(52.722848926724168, 3.5594165912303994e-12, 2.0)"
19,19.0,0.151333205003,0.142584062787,0.386139652178,0.373350894932,0.480117261281,0.463699911637,"(32.066019407059798, 1.4902119242098628e-08, 1.0)","(48.51627244005806, 2.9162536702544918e-11, 2.0)"
20,20.0,0.0850604079543,0.075628041026,0.241896125173,0.226102294448,0.344377207361,0.323673329699,"(18.615725289859597, 1.5989616033818882e-05, 1.0)","(32.993970682193321, 6.8462112896312997e-08, 2.0)"
21,21.0,0.0544088709709,0.044660508816,0.168542124221,0.151220085142,0.256299503157,0.232814224309,"(12.734333217737571, 0.00035900379352643466, 1.0)","(23.777015081953891, 6.8688934060061905e-06, 2.0)"
22,22.0,0.130833081227,0.121872597528,0.180953804572,0.163890342167,0.28694688009,0.264429413146,"(5.8800754312712797, 0.015313165662630397, 1.0)","(19.599947595950994, 5.5453052395379287e-05, 2.0)"
23,23.0,0.260439332179,0.252814995398,0.27741685632,0.262363040827,0.365605431339,0.345571918644,"(2.299158836976062, 0.12944408280946154, 1.0)","(15.185135676582831, 0.00050418472545155253, 2.0)"
24,24.0,0.380293574018,0.373904847977,0.400909118176,0.388428058138,0.457209912832,0.440069173237,"(3.3494224730660562, 0.067228596362102572, 1.0)","(13.11979620865759, 0.0014160299903222362, 2.0)"
