,Time_Lag,1deg_R2,1deg_adjR2,2deg_R2,2deg_adjR2,3deg_R2,3deg_adjR2,LR12,LR13
0,0.0,0.353313561103,0.346646690599,0.359119135978,0.345767451311,0.430889990652,0.41291809562,"(0.89277788649440026, 0.34472563562210046, 1.0)","(12.650990720072059, 0.001790079297133648, 2.0)"
1,1.0,0.491753277772,0.486513620842,0.497037541699,0.486559157151,0.562569006195,0.548755395864,"(1.0346956908506399, 0.3090583309105891, 1.0)","(14.854755805811465, 0.00059474494814089416, 2.0)"
2,2.0,0.612081326689,0.608082165109,0.621662436522,0.613780403949,0.680424518125,0.670332660803,"(2.47588016931536, 0.11560471171212182, 1.0)","(19.186419470010605, 6.819019750760292e-05, 2.0)"
3,3.0,0.660351949369,0.656850423073,0.688997560969,0.682518343489,0.725298890618,0.716624118743,"(8.722808976828901, 0.0031425349432425797, 1.0)","(21.010404161362544, 2.7393574464097562e-05, 2.0)"
4,4.0,0.736298192475,0.73357961714,0.792811837992,0.78849541795,0.816864663412,0.811081442256,"(23.877965649948237, 1.026398806577882e-06, 1.0)","(36.094758885792317, 1.4525219202964872e-08, 2.0)"
5,5.0,0.777437239647,0.7751427782,0.857714991261,0.854750720245,0.873099419098,0.869092032333,"(44.29032111669278, 2.8311254383888196e-11, 1.0)","(55.618712670733203, 8.3666191113910582e-13, 2.0)"
6,6.0,0.804919915914,0.802908781026,0.917876846521,0.916165947491,0.924607483072,0.922226666747,"(85.653826790729454, 2.1436026039037412e-20, 1.0)","(94.119511540074086, 3.6492847257325448e-21, 2.0)"
7,7.0,0.823690757136,0.821873136075,0.939335363482,0.938071516888,0.94205141015,0.940221454681,"(105.62097952662623, 8.9277478874083368e-25, 1.0)","(110.1556446565337, 1.2022801797567581e-24, 2.0)"
8,8.0,0.825568203742,0.823769937801,0.919927953399,0.918259785762,0.92139266128,0.918910324268,"(77.082093093577441, 1.6399752672168655e-18, 1.0)","(78.909806233663971, 7.3274572328627658e-18, 2.0)"
9,9.0,0.857538740795,0.85607006802,0.936208569044,0.9348795809,0.936208751937,0.934194291472,"(79.541671495546552, 4.7216094410120354e-19, 1.0)","(79.541955332965927, 5.3417537005995404e-18, 2.0)"
10,10.0,0.883600830378,0.882400838939,0.939836151247,0.938582737732,0.939980447096,0.938085092794,"(65.335421108014089, 6.3175563232155319e-16, 1.0)","(65.573146046929196, 5.7672961823449052e-15, 2.0)"
11,11.0,0.887869825413,0.886713844232,0.922762634807,0.921153523032,0.923377152878,0.920957484022,"(36.904935320238565, 1.2403158777494208e-09, 1.0)","(37.695752018768871, 6.5233616108841254e-09, 2.0)"
12,12.0,0.869484423351,0.868138901942,0.906758836123,0.904816311875,0.909371260254,0.906509300052,"(33.294025140634744, 7.9225680998971919e-09, 1.0)","(36.107399042394263, 1.4433708163336154e-08, 2.0)"
13,13.0,0.864887742169,0.863494832294,0.900286129531,0.89820875723,0.903367875143,0.900316334358,"(30.07631712160935, 4.1537305315242824e-08, 1.0)","(33.184278368590412, 6.2248015333961047e-08, 2.0)"
14,14.0,0.855708651625,0.854221111951,0.887174965686,0.884824444138,0.888266852927,0.884738437757,"(24.353629573012881, 8.0175537798671113e-07, 1.0)","(25.316388428169603, 3.1813840688528156e-06, 2.0)"
15,15.0,0.807777511318,0.805795836177,0.870869562637,0.868179345192,0.871074189232,0.867002847839,"(39.385215590987514, 3.4792125891663173e-10, 1.0)","(39.542220408969229, 2.5912895108881597e-09, 2.0)"
16,16.0,0.712987108983,0.710028213199,0.830468581676,0.826936677128,0.831949780718,0.826642931688,"(52.122397407560015, 5.2146735706606708e-13, 1.0)","(52.991162943619315, 3.1125416527748082e-12, 2.0)"
17,17.0,0.508283615523,0.503214374446,0.711259800227,0.705244379399,0.716750643855,0.707805927345,"(52.705102713687324, 3.8758282580531164e-13, 1.0)","(54.605872446437616, 1.3883068244152241e-12, 2.0)"
18,18.0,0.289423907602,0.282098380876,0.566088521178,0.557048698703,0.57416397381,0.560716520352,"(48.830313641181988, 2.7909272360983539e-12, 1.0)","(50.690146483396006, 9.8350041542018481e-12, 2.0)"
19,19.0,0.179082982,0.170619919959,0.44313551589,0.431534172471,0.464861944695,0.447962848212,"(38.42191145940194, 5.6988934078215039e-10, 1.0)","(42.361829644715158, 6.3276954857268066e-10, 2.0)"
20,20.0,0.121042697353,0.111981281862,0.315012989421,0.300742426701,0.347421336021,0.326813588738,"(24.684308170184522, 6.7531785469466812e-07, 1.0)","(29.482658551686768, 3.962069045736066e-07, 2.0)"
21,21.0,0.0958619516822,0.0865409408748,0.27639729541,0.261322239065,0.30001906962,0.277914408661,"(22.051217019073761, 2.6547131101394569e-06, 1.0)","(25.336967504444033, 3.1488169338714437e-06, 2.0)"
22,22.0,0.174126337064,0.16561217559,0.29003699078,0.275246094754,0.329232272793,0.308050134039,"(14.971665296969945, 0.00010913769986184482, 1.0)","(20.593870455792171, 3.3736331074041422e-05, 2.0)"
23,23.0,0.29183014807,0.284529427947,0.334646047013,0.320784506326,0.398366113915,0.379367149091,"(6.1741161495840515, 0.012963265472653588, 1.0)","(16.14045224131246, 0.00031271256230072647, 2.0)"
24,24.0,0.370010186058,0.363515445708,0.402377770811,0.389927307703,0.461126818609,0.444109770775,"(5.2217372140977432, 0.022306256713893535, 1.0)","(15.466115874540833, 0.00043810237708185028, 2.0)"
