,Time_Lag,1deg_R2,1deg_adjR2,2deg_R2,2deg_adjR2,3deg_R2,3deg_adjR2,LR12,LR13
0,0.0,0.699886427654,0.6967924733,0.702909801316,0.696720422176,0.753853364249,0.746080312594,"(1.0023933678247658, 0.31673207511764023, 1.0)","(19.625120347797179, 5.4759473410956069e-05, 2.0)"
1,1.0,0.733754813566,0.73101001783,0.737754294255,0.732290842052,0.786491167724,0.779748783547,"(1.4984407606231116, 0.22091143230665322, 1.0)","(21.853204258233518, 1.7973679339714476e-05, 2.0)"
2,2.0,0.763886864881,0.761452708849,0.774443542974,0.76974445012,0.813951861655,0.808076657287,"(4.5283179046414261, 0.033338371212961494, 1.0)","(23.592257144315226, 7.5336675811621259e-06, 2.0)"
3,3.0,0.779051531079,0.776773711812,0.809880007221,0.805919174038,0.838912420744,0.833825444557,"(14.877134737816391, 0.00011474544092821614, 1.0)","(31.28215012618216, 1.6112666162559519e-07, 2.0)"
4,4.0,0.807268489601,0.805281566813,0.868617176808,0.865880034658,0.887842471994,0.88430065532,"(37.935087949438525, 7.313795681834374e-10, 1.0)","(53.597976239530681, 2.2979857909047343e-12, 2.0)"
5,5.0,0.820237088503,0.818383862611,0.905161810186,0.903186014564,0.916199932969,0.913553615063,"(63.307198353998274, 1.7685682783335445e-15, 1.0)","(75.55729667726655, 3.916891060272898e-17, 2.0)"
6,6.0,0.828897018029,0.827133069762,0.941507015675,0.940288411835,0.947196060478,0.945528567651,"(106.26252001291277, 6.4586528039412387e-25, 1.0)","(116.39230108063543, 5.3178116648049307e-26, 2.0)"
7,7.0,0.840668165976,0.839025569749,0.946441067465,0.945325256371,0.951802833167,0.950280817372,"(107.93043790918136, 2.7837911701446217e-25, 1.0)","(118.37319060165885, 1.9750962217026684e-26, 2.0)"
8,8.0,0.856468141161,0.854988431276,0.938858375681,0.937584591841,0.943842402986,0.942069005186,"(84.483049866067176, 3.8752291598863462e-20, 1.0)","(92.901110225971252, 6.7108917438076773e-21, 2.0)"
9,9.0,0.885839446759,0.884662533839,0.949828584789,0.948783346972,0.952430229928,0.950928026662,"(81.393876920077673, 1.8493001898189657e-19, 1.0)","(86.665425895006365, 1.5164981365823426e-19, 2.0)"
10,10.0,0.906228094473,0.905261373797,0.952184866974,0.95118871837,0.953822519554,0.952364283329,"(66.678788545862062, 3.1955517688310105e-16, 1.0)","(70.128932295732625, 5.911474779924132e-16, 2.0)"
11,11.0,0.916156196852,0.915291827747,0.944452012282,0.943294762538,0.945228403652,0.943498774294,"(40.759120787690676, 1.7219785085803881e-10, 1.0)","(42.152599839640857, 7.0255324793533963e-10, 2.0)"
12,12.0,0.92647281853,0.92571480635,0.948021741551,0.946938861167,0.948920773216,0.947307745001,"(34.336133308503349, 4.6369238275310202e-09, 1.0)","(36.063448746753352, 1.4754401773232239e-08, 2.0)"
13,13.0,0.935525271642,0.93486058372,0.949420205772,0.948366460059,0.952488053816,0.950987676568,"(24.029395398476481, 9.4876114616464606e-07, 1.0)","(30.22392389931349, 2.7350061959515857e-07, 2.0)"
14,14.0,0.926348844102,0.925589553835,0.934486088918,0.93312121577,0.943910446592,0.942139197537,"(11.590656089304161, 0.00066284022869327443, 1.0)","(26.966635326625124, 1.3940217219140896e-06, 2.0)"
15,15.0,0.877792618407,0.876532748494,0.898168645069,0.896047158508,0.921021361137,0.918527298857,"(18.057737495110246, 2.1430591795248382e-05, 1.0)","(43.217660869269594, 4.1248122157903616e-10, 2.0)"
16,16.0,0.824242877923,0.822430948829,0.870062838102,0.867355813896,0.905763407228,0.902787514824,"(29.903156929623151, 4.5417274528112149e-08, 1.0)","(61.706154442723573, 3.9872990846818664e-14, 2.0)"
17,17.0,0.695344735983,0.692203960065,0.784660477294,0.780174237238,0.831633440531,0.826316601811,"(34.34952485542658, 4.6051277858254329e-09, 1.0)","(58.710697781879844, 1.7829286441661477e-13, 2.0)"
18,18.0,0.544876938374,0.540184948048,0.68311852244,0.67651682499,0.735415792983,0.727060502235,"(35.84196310390962, 2.1398892462976193e-09, 1.0)","(53.698420101195211, 2.1854266340176742e-12, 2.0)"
19,19.0,0.484840848735,0.479529929649,0.596715017459,0.58831324699,0.670307450779,0.659896107119,"(24.238409557023374, 8.5117758356549793e-07, 1.0)","(44.185218001268936, 2.5427392105813862e-10, 2.0)"
20,20.0,0.443532095282,0.43779531276,0.516340043725,0.506263794636,0.588401305921,0.575403452423,"(13.882513141575032, 0.00019460067522226925, 1.0)","(29.854505778007479, 3.2898526020152676e-07, 2.0)"
21,21.0,0.461265800818,0.455711840002,0.509808334329,0.499596007961,0.571839847552,0.558319000632,"(9.3481584835508329, 0.0022320963750491942, 1.0)","(22.742774878120713, 1.1520443109610468e-05, 2.0)"
22,22.0,0.575418809751,0.571041684078,0.59671265432,0.588310834618,0.65180327487,0.640807588813,"(5.0939384670937216, 0.024009604889054455, 1.0)","(19.635226994585082, 5.4483454077775407e-05, 2.0)"
23,23.0,0.668500284602,0.665082761763,0.674000133904,0.667208470027,0.714482511115,0.705466169361,"(1.6562680673341674, 0.19810795613640164, 1.0)","(14.783043016756551, 0.00061645729466333729, 2.0)"
24,24.0,0.714896427757,0.711957215672,0.718751111062,0.712891759209,0.753142039362,0.745346524815,"(1.347639733538017, 0.24569116594050289, 1.0)","(14.259901842844556, 0.00080075868662533888, 2.0)"
